Score: 0.3551453948020935 Label: 0 Box(x_c, y_c, z_c, w, l, h, -rot): 8.441436767578125 -1.173797845840454 -1.0704052448272705 2.024259567260742 4.383240222930908 1.5447471141815186 1.6692955493927002
Score: 0.11971846967935562 Label: 0 Box(x_c, y_c, z_c, w, l, h, -rot): 7.833094596862793 -1.2286384105682373 -0.603575587272644 1.2085217237472534 4.220932960510254 1.147003173828125 -0.05285385996103287
Score: 0.05441399663686752 Label: 0 Box(x_c, y_c, z_c, w, l, h, -rot): 8.320098876953125 -1.3966097831726074 -1.2287092208862305 1.816793441772461 3.676264524459839 1.6097344160079956 -0.01774405874311924
